S =

  -2.2924e+05  -2.9804e+04   5.1276e+04
  -1.9009e+05   9.5842e+04   4.2518e+04
  -1.8022e+05  -9.0558e+04   4.0311e+04
  -1.2818e+05   9.4302e+04   1.9710e+05
  -2.8967e+05  -3.6426e+05  -3.1587e+05
  -1.1180e+05   2.2060e+03  -1.2191e+05
  -1.7913e+05   1.0519e+05   4.0067e+04
  -6.9778e+04   5.0372e+04   1.5608e+04
  -8.5656e+04   6.6900e+04   1.9159e+04
  -1.0918e+05   6.9609e+04   2.4421e+04
  -5.4655e+04   4.1733e+03  -5.9597e+04
  -1.8271e+05   1.5653e+02   4.0867e+04
  -1.7244e+05   2.4016e+04   3.8570e+04
  -3.3449e+05  -1.0427e+06  -8.0427e+05
  -1.4041e+05   1.2945e+05   3.1407e+04
  -2.4252e+05  -9.1344e+04  -2.6445e+05
  -2.0195e+05   1.7298e+05   3.1055e+05
  -8.2370e+04   7.9259e+04   1.8424e+04
  -2.7371e+05  -2.0951e+05  -2.9845e+05
  -3.4688e+05  -4.4972e+05  -3.7824e+05
  -1.0287e+05   3.0248e+04   2.3009e+04
  -1.2228e+05   1.7339e+04   1.8805e+05
  -1.0285e+05   5.1336e+04   2.3004e+04
  -7.3210e+04   3.5634e+03  -7.9829e+04
  -2.9392e+05  -6.9877e+05   6.5743e+04
  -1.4069e+05   1.5946e+05   3.1470e+04
  -3.3338e+05   2.2766e+05   7.4569e+04
  -2.7251e+05  -1.8014e+05   6.0954e+04
  -2.9846e+05  -7.4858e+04   6.6759e+04
  -9.6617e+04  -7.7361e+04   2.1611e+04
  -2.2018e+05   4.4796e+04   3.3859e+05
  -1.1626e+05   1.4639e+05   3.3156e+05
  -1.2344e+05  -6.1072e+03  -1.3460e+05
  -3.4601e+05  -4.9475e+05   7.7394e+04
  -1.0845e+05   2.5886e+04  -1.1826e+05
  -1.2007e+05   8.5164e+04   2.6856e+04
  -1.1219e+05   1.0753e+05   2.5093e+04
  -1.4790e+05  -2.4440e+04  -1.6128e+05
  -2.2441e+05  -6.2527e+05  -2.4470e+05
  -8.8068e+04  -1.7877e+04  -9.6031e+04
  -2.4950e+05   1.0570e+05   3.8367e+05
  -1.5104e+05  -4.5104e+04   3.3784e+04
  -9.0278e+04  -6.4334e+04  -9.8441e+04
  -1.8367e+05   1.8506e+05   4.1083e+04
  -1.1060e+05   1.5986e+05   1.7007e+05
  -1.1994e+05   2.2440e+04  -1.3079e+05
  -1.2399e+05   1.2445e+05   2.7734e+04

